SAA32  Correspondance Réponses > Bases 
Correspondance 
Form2 > base 
Pour Valeurs des 
réponses 
Correspondance 
Form10 > base 
Pour Réponses 
Questions
Base 
Questions 
Base 
1 
52 
1 
25 
2 
40 
2 
16 
3 
43 
3 
41 
4 
21 
4 
55 
5 
22 
5 
60 
6 
58 
6 
63 
7 
1 
7 
52 
8 
57 
8 
40 
9 
61 
9 
43 
10 
53 
10 
21 
11 
3 
11 
22 
12 
31 
12 
58 
13 
64 
13 
1 
14 
59 
14 
57 
15 
28 
15 
61 
16 
72 
16 
53 
17 
65 
17 
3 
18 
4 
18 
31 
19 
71 
19 
64 
20 
27 
20 
56 
21 
39 
21 
28 
22 
44 
22 
72 
23 
35 
23 
65 
24 
46 
24 
4 
25 
48 
25 
71 
26 
19 
26 
27 
27 
62 
27 
39 
28 
20 
28 
44 
29 
73 
29 
35 
30 
68 
30 
46 
31 
17 
31 
48 
32 
54 
32 
19 
33 
18 
33 
62 
34 
7 
34 
20 
35 
74 
35 
73 
36 
50 
36 
68 
37 
30 
37 
17 
38 
12 
38 
54 
39 
24 
39 
18 
40 
47 
40 
7 
41 
15 
 
41 
74 
 
 
42 
13 
42 
50 
43 
6 
43 
30 
44 
34 
44 
12 
45 
67 
45 
24 
46 
32 
46 
47 
47 
42 
47 
15 
48 
37 
48 
13 
49 
45 
49 
6 
50 
38 
50 
34 
51 
26 
51 
67 
52 
29 
52 
32 
53 
36 
53 
42 
54 
11 
54 
37 
55 
70 
55 
45 
56 
49 
56 
38 
57 
8 
57 
26 
58 
56 
58 
29 
59 
51 
59 
36 
60 
5 
60 
11 
61 
9 
61 
70 
62 
14 
62 
49 
63 
69 
63 
8 
64 
66 
64 
56 
65 
10 
65 
51 
66 
33 
66 
5 
67 
75 
67 
9 
68 
2 
68 
14 
69 
23 
69 
69 
70 
25 
70 
66 
71 
16 
71 
10 
72 
41 
72 
33 
73 
55 
73 
75 
74 
60 
74 
2 
75 
63 
75 
23 
76 
82 
76 
82 
77 
79 
77 
79 
78 
87 
78 
87 
79 
84 
79 
84 
80 
83 
80 
83 
81 
77 
81 
77 
82 
78 
82 
78 
83 
76 
83 
76 
84 
80 
84 
80 
85 
86 
85 
86 
86 
81 
86 
81 
87 
85 
87 
85 
